"2160180470"
