"2031520140"
