"2120230202"
