"2040810075"
