"2041670350"
