"2150411500"
