"0050581380"
