"2110870958"
